32970	26
30465	116
30226	729
29215	1793
27238	805
24686	1336
24360	411
24149	1907
24149	1907
23409	707
23033	108
22518	1079
22514	1079
22404	10
21575	102
21324	1032
21059	1036
20942	192
20908	980
20908	980
20902	980
20728	393
20728	393
20364	1062
19866	1963
19515	701
19395	203
18777	733
18198	10
17637	773
17637	773
17254	78
17148	1495
17121	378
17084	1069
17064	93
16599	1028
16531	849
16348	492
16342	492
16292	433
16292	433
16113	4539
16019	242
15927	361
15725	335
15628	137
15625	738
15350	75
15228	311
15138	445
15128	226
15106	680
15075	185
14980	905
14980	905
14896	251
14895	667
14895	667
14839	458
14821	942
14821	942
14796	166
14781	446
14507	428
14359	324
14359	324
14316	756
14303	689
14279	119
14279	222
14277	781
14225	593
14225	593
14219	550
14201	620
14133	744
14133	744
14062	911
14062	911
14046	457
14032	581
14011	296
13939	882
13932	525
13902	636
13745	129
13744	283
13744	283
13707	1637
13706	1637
13653	507
13649	507
13649	507
13627	465
13627	465
13584	111
13516	533
13512	427
13508	774
13414	755
13329	578
13266	137
13262	575
13238	458
13235	781
13235	781
13232	557
13157	334
13157	334
13096	220
13087	558
13087	558
13054	604
13042	621
12990	206
12990	206
12971	297
12959	523
12931	354
12911	387
12875	592
12814	719
12784	414
12778	509
12776	292
12725	1245
12725	1245
12703	503
12680	308
12680	308
12652	396
12604	360
12604	278
12583	272
12583	272
12577	246
12535	909
12532	294
12532	294
12531	475
12462	497
12461	882
12455	752
12452	752
12438	362
12411	690
12387	1024
12333	564
12321	1093
12310	610
12303	527
12303	527
12281	250
12281	250
12229	314
12210	1407
12201	656
12175	567
12168	307
12167	178
12160	193
12160	193
12159	129
12157	129
12151	367
12150	193
12149	388
12148	207
12114	774
12106	250
12104	250
12092	652
12088	249
12086	887
12013	306
11991	249
11991	249
11971	181
11940	493
11937	494
11937	313
11937	313
11931	313
11909	180
11907	180
11903	84
11899	586
11899	586
11892	424
11891	824
11883	673
11882	218
11876	358
11867	260
11867	260
11833	654
11832	168
11818	423
11817	257
11798	1011
11797	1011
11796	167
11791	543
11791	543
11788	411
11769	140
11769	140
11766	630
11766	295
11766	295
11761	140
11740	56
11690	624
11681	349
11681	349
11654	206
11638	407
11624	332
11601	178
11553	524
11553	524
11528	466
11523	488
11519	119
11514	294
11478	169
11476	172
11448	298
11448	298
11414	125
11412	445
11412	445
11406	239
11402	242
11402	242
11355	305
11353	305
11349	738
11330	197
11330	197
11308	298
11297	305
11297	305
11285	53
11248	149
11233	724
11198	181
11193	60
11166	706
11161	288
11161	288
11147	271
11128	537
11127	516
11127	516
11103	549
11078	158
11040	635
11036	354
11036	354
11032	388
11032	360
11021	197
11015	257
11011	121
11011	121
11005	436
10974	249
10961	417
10961	417
10957	506
10955	93
10921	375
10913	223
10900	733
10897	733
10874	547
10874	547
10872	146
10848	259
10848	259
10840	534
10839	191
10827	155
10815	675
10815	675
10813	379
10789	517
10789	517
10781	445
10781	445
10758	241
10753	287
10713	80
10708	237
10707	297
10707	241
10707	237
10707	237
10706	212
10695	141
10689	217
10689	217
10685	547
10685	547
10677	120
10677	94
10646	107
10613	234
10610	763
10604	179
10604	763
10601	223
10594	393
10589	316
10572	388
10553	248
10542	156
10519	293
10491	592
10491	592
10483	93
10480	494
10464	2069
10446	197
10444	222
10435	373
10429	179
10404	110
10394	208
10392	208
10383	405
10383	405
10378	204
10376	472
10353	844
10353	844
10335	575
10332	323
10326	141
10305	522
10291	366
10291	366
10289	454
10273	200
10269	200
10269	200
10267	224
10252	155
10252	155
10246	425
10245	266
10238	229
10238	229
10229	258
10213	226
10213	226
10201	169
10188	392
10171	641
10167	138
10159	535
10159	201
10153	391
10135	413
10110	178
10090	376
10068	364
10068	364
10046	57
10036	440
10018	203
10017	148
10016	214
10001	114
10001	114
9986	137
9978	342
9978	342
9971	89
9969	307
9965	121
9949	447
9941	235
9926	473
9923	832
9918	1055
9918	1055
9910	837
9892	512
9877	290
9877	243
9877	243
9871	574
9868	384
9865	209
9865	209
9860	225
9858	286
9853	323
9845	297
9839	117
9833	254
9833	254
9829	260
9814	895
9810	286
9786	511
9770	376
9768	376
9750	153
9745	176
9738	469
9735	1006
9725	870
9725	870
9723	74
9705	107
9702	347
9701	133
9695	124
9688	920
9684	436
9678	847
9673	222
9673	222
9661	95
9656	301
9616	211
9615	430
9604	75
9603	127
9603	142
9603	142
9601	162
9597	520
9597	244
9584	233
9575	186
9574	229
9571	186
9571	186
9569	489
9568	229
9565	508
9562	390
9561	432
9561	95
9561	95
9553	259
9553	259
9539	262
9534	296
9531	463
9528	129
9528	296
9524	269
9494	53
9492	179
9488	45
9463	565
9456	228
9456	228
9455	133
9437	195
9432	160
9405	186
9389	194
9385	337
9385	227
9385	227
9380	170
9377	431
9374	88
9374	88
9372	119
9371	210
9370	86
9350	79
9344	205
9343	518
9341	236
9340	89
9335	156
9333	421
9306	207
9306	278
9272	275
9272	275
9270	363
9270	106
9269	322
9263	532
9263	230
9263	230
9261	151
9255	226
9246	241
9241	265
9241	265
9239	210
9238	434
9238	434
9234	213
9226	224
9226	224
9223	469
9211	308
9209	212
9209	212
9197	241
9197	241
9189	132
9185	79
9179	190
9179	298
9179	250
9175	54
9163	517
9163	392
9154	376
9149	171
9127	149
9127	149
9116	410
9109	340
9100	300
9097	354
9096	97
9096	97
9086	286
9086	286
9084	138
9077	102
9065	127
9063	315
9062	185
9046	650
9046	650
9040	230
9040	379
9039	192
9036	275
9033	590
9029	117
9027	142
9024	95
8986	912
8983	371
8983	912
8973	221
8973	221
8970	257
8970	257
8966	725
8965	171
8962	262
8962	262
8960	126
8950	137
8946	227
8946	227
8945	152
8936	350
8925	209
8920	209
8919	150
8919	150
8917	81
8899	88
8896	162
8892	360
8891	95
8890	194
8886	244
8881	358
8881	358
8877	270
8876	235
8875	196
8871	374
8871	374
8858	144
8853	433
8845	263
8843	348
8837	206
8835	206
8832	78
8815	155
8815	109
8815	109
8814	384
8809	126
8806	92
8803	384
8802	127
8801	172
8799	126
8798	213
8787	264
8787	152
8784	431
8784	431
8779	152
8778	395
8774	194
8774	194
8772	105
8765	1051
8763	474
8763	52
8762	269
8758	32
8758	67
8744	156
8739	231
8739	231
8729	230
8729	230
8698	282
8689	85
8667	61
8666	61
8664	514
8657	497
8656	497
8654	98
8654	98
8648	440
8647	248
8646	570
8646	394
8643	235
8642	169
8636	293
8634	263
8632	221
8627	185
8621	313
8619	381
8619	381
8617	117
8608	211
8606	276
8606	276
8603	172
8589	105
8589	105
8587	351
8572	300
8567	706
8565	336
8565	348
8559	349
8553	144
8551	217
8547	144
8547	144
8546	177
8531	318
8505	279
8501	307
8501	307
8496	180
8495	180
8493	304
8489	639
8480	154
8478	97
8477	373
8471	58
8469	100
8463	193
8453	45
8450	340
8447	535
8444	148
8437	181
8434	188
8421	319
8421	129
8421	129
8418	220
8417	438
8417	438
8410	162
8407	163
8406	162
8404	121
8401	142
8397	153
8391	181
8388	223
8386	332
8386	332
8375	219
8372	461
8372	461
8370	247
8367	163
8365	87
8359	153
8358	131
8358	131
8357	379
8356	174
8349	136
8339	776
8339	123
8339	123
8331	226
8330	781
8328	407
8326	95
8320	753
8317	98
8313	199
8313	519
8309	131
8300	119
8300	119
8295	168
8294	444
8286	157
8284	115
8279	524
8273	265
8273	913
8273	265
8273	913
8272	209
8270	156
8266	1464
8261	94
8248	443
8232	139
8231	244
8228	81
8221	152
8221	152
8217	28
8209	131
8209	131
8207	116
8206	157
8206	157
8204	154
8199	115
8196	340
8192	271
8188	84
8185	147
8182	81
8173	245
8167	147
8164	136
8162	302
8153	224
8152	159
8142	86
8142	481
8141	237
8138	206
8130	688
8130	688
8129	64
8124	447
8124	447
8122	64
8118	542
8111	277
8111	171
8111	171
8110	402
8110	402
8106	130
8100	42
8094	107
8094	107
8093	104
8088	177
8084	177
8084	364
8084	364
8076	215
8075	230
8075	230
8068	335
8068	335
8066	208
8066	197
8048	100
8045	91
8042	90
8024	95
8019	194
8018	85
8015	106
8011	202
8002	175
8000	182
7997	95
7987	125
7986	259
7985	449
7977	653
7976	122
7939	211
7936	118
7934	899
7933	273
7933	165
7932	109
7930	130
7927	387
7925	70
7922	553
7913	124
7899	201
7899	226
7894	180
7885	191
7885	191
7877	169
7877	169
7872	237
7863	127
7851	66
7849	76
7843	288
7842	264
7842	264
7839	168
7832	100
7824	93
7812	397
7809	261
7807	164
7802	242
7788	148
7787	481
7787	481
7783	200
7774	72
7762	123
7755	118
7755	227
7755	227
7746	302
7743	40
7743	274
7741	274
7741	94
7741	94
7736	165
7735	52
7734	70
7731	128
7725	168
7719	132
7718	360
7718	228
7708	124
7708	124
7706	459
7706	121
7706	121
7702	82
7702	113
7695	134
7695	134
7690	237
7684	114
7680	312
7680	104
7679	135
7679	135
7675	195
7672	211
7671	1261
7671	301
7670	220
7665	85
7662	281
7655	137
7655	171
7652	260
7649	128
7637	225
7637	225
7627	110
7626	179
7625	339
7618	558
7603	354
7601	183
7599	181
7598	264
7598	264
7594	44
7593	140
7593	355
7587	82
7578	140
7576	594
7576	594
7568	76
7567	306
7567	90
7566	947
7561	209
7557	54
7554	232
7554	232
7553	795
7549	114
7547	166
7546	239
7545	51
7541	157
7541	157
7539	263
7538	61
7536	270
7535	126
7532	281
7526	159
7507	307
7507	307
7506	432
7497	49
7490	101
7483	131
7480	344
7479	786
7473	140
7473	600
7473	600
7468	41
7462	226
7460	173
7460	36
7459	184
7454	163
7451	163
7446	209
7446	314
7446	314
7441	155
7441	155
7440	26
7436	224
7435	295
7435	89
7428	120
7426	335
7426	93
7426	93
7424	89
7422	57
7422	169
7422	169
7419	187
7419	187
7418	51
7417	26
7415	118
7408	574
7399	125
7399	125
7396	64
7396	107
7394	78
7393	125
7383	174
7382	100
7382	100
7378	137
7374	76
7372	130
7368	147
7368	147
7361	69
7359	332
7357	168
7357	168
7354	182
7347	153
7346	101
7344	97
7340	80
7339	153
7336	175
7329	163
7329	163
7328	153
7324	74
7323	110
7321	477
7318	87
7313	145
7313	67
7312	175
7312	210
7312	606
7312	210
7312	606
7311	316
7309	88
7309	88
7307	139
7306	113
7305	171
7304	113
7302	140
7297	94
7297	242
7295	250
7295	250
7294	138
7292	315
7292	82
7286	381
7286	381
7281	148
7276	114
7268	78
7264	142
7256	105
7256	105
7255	128
7252	152
7252	22
7252	50
7251	164
7251	68
7250	152
7247	128
7246	167
7246	167
7242	93
7238	83
7236	141
7220	87
7219	107
7212	62
7206	190
7205	310
7204	454
7204	454
7203	366
7203	144
7203	310
7200	157
7199	117
7194	509
7183	156
7172	227
7165	87
7161	131
7160	735
7158	401
7158	401
7152	190
7150	198
7147	203
7146	118
7146	108
7145	82
7145	82
7143	205
7142	73
7141	236
7141	236
7137	88
7137	88
7131	138
7123	58
7113	81
7112	477
7112	477
7109	67
7099	77
7091	680
7084	320
7071	258
7070	136
7068	179
7068	106
7066	339
7066	339
7063	99
7059	69
7057	38
7052	169
7049	130
7046	60
7043	616
7042	102
7039	102
7039	527
7037	232
7030	142
7026	485
7023	702
7017	275
7007	115
6998	122
6998	202
6998	371
6995	382
6995	382
6994	91
6994	91
6988	105
6986	135
6985	582
6984	139
6980	244
6980	244
6978	156
6972	99
6970	152
6964	181
6958	490
6955	159
6951	775
6946	188
6932	233
6931	82
6930	92
6929	262
6929	262
6920	114
6915	371
6914	83
6913	53
6908	371
6908	88
6908	88
6904	106
6898	112
6897	80
6897	80
6891	93
6881	135
6872	310
6870	79
6870	113
6870	113
6864	57
6859	178
6856	276
6856	276
6855	296
6855	262
6852	276
6840	142
6835	222
6834	77
6833	69
6833	89
6829	69
6824	91
6823	95
6822	149
6820	275
6817	98
6817	98
6800	175
6795	127
6791	66
6789	94
6789	94
6787	184
6777	119
6772	179
6769	190
6761	307
6755	56
6755	136
6755	136
6753	175
6751	113
6751	113
6750	150
6750	150
6745	154
6744	264
6744	264
6742	745
6738	245
6737	142
6731	240
6729	154
6728	90
6727	112
6725	265
6716	180
6716	180
6712	211
6711	118
6711	118
6709	78
6705	106
6701	58
6699	107
6698	222
6696	184
6695	165
6692	94
6692	70
6691	62
6690	62
6689	240
6689	240
6681	120
6675	324
6669	98
6669	98
6668	505
6668	128
6668	128
6667	62
6666	192
6666	192
6659	74
6659	505
6658	307
6657	139
6657	96
6650	194
6648	96
6648	96
6645	165
6645	165
6636	490
6636	490
6634	126
6627	72
6624	51
6621	321
6619	213
6617	90
6616	51
6616	267
6616	267
6614	299
6611	46
6599	83
6599	83
6598	90
6597	152
6597	152
6588	42
6581	87
6577	107
6576	234
6568	163
6566	105
6565	147
6563	133
6561	14
6561	134
6558	60
6558	149
6554	287
6553	157
6553	157
6551	54
6542	54
6534	127
6524	55
6522	256
6521	143
6520	79
6516	263
6510	485
6508	626
6508	626
6507	381
6507	381
6505	171
6503	221
6503	104
6503	104
6496	97
6494	95
6491	51
6488	141
6488	260
6483	157
6482	497
6481	373
6481	357
6481	357
6477	137
6476	104
6476	104
6475	91
6475	91
6474	126
6468	771
6468	771
6467	165
6467	165
6466	99
6466	99
6461	219
6460	339
6459	150
6457	150
6457	150
6454	169
6447	137
6443	27
6440	169
6431	494
6431	494
6430	91
6427	34
6426	43
6421	275
6418	221
6411	400
6411	400
6405	27
6402	468
6402	468
6401	111
6396	143
6394	149
6391	82
6389	51
6383	244
6381	420
6381	94
6381	94
6379	89
6377	93
6373	205
6372	344
6370	215
6363	468
6362	180
6360	60
6358	115
6354	115
6352	274
6352	105
6351	254
6347	275
6347	275
6342	105
6342	161
6342	161
6329	148
6329	107
6329	107
6321	228
6314	131
6307	117
6304	85
6298	156
6295	88
6295	162
6292	33
6291	385
6282	40
6281	775
6278	35
6278	325
6276	85
6275	63
6273	145
6272	135
6269	51
6263	81
6263	81
6259	475
6259	475
6253	177
6252	190
6250	213
6248	134
6247	119
6247	119
6245	254
6245	141
6245	141
6236	80
6233	99
6232	81
6230	81
6227	183
6227	183
6222	145
6221	1022
6221	89
6221	89
6214	48
6213	262
6213	104
6213	262
6213	104
6211	83
6210	298
6207	47
6202	478
6201	61
6196	229
6193	171
6193	171
6190	126
6190	126
6181	21
6181	61
6180	119
6179	21
6168	447
6168	447
6161	76
6161	164
6147	224
6147	224
6146	177
6133	81
6132	218
6131	163
6128	217
6121	142
6121	142
6115	128
6115	128
6114	79
6113	63
6111	47
6109	139
6105	125
6101	283
6099	192
6099	65
6099	126
6099	126
6087	90
6069	576
6061	87
6059	57
6057	104
6057	104
6046	93
6044	348
6040	166
6039	76
6035	35
6029	128
6029	128
6020	63
6016	109
6013	61
6012	217
6012	217
6007	61
6006	318
6006	40
5996	524
5993	540
5973	112
5971	144
5968	785
5968	62
5966	161
5965	95
5965	95
5962	192
5962	192
5957	139
5957	131
5953	98
5949	66
5944	118
5944	118
5938	48
5937	238
5935	89
5933	10
5930	100
5930	100
5926	44
5926	206
5926	206
5925	166
5925	139
5925	139
5922	113
5922	113
5915	161
5913	210
5911	66
5904	118
5904	118
5902	112
5900	196
5899	342
5896	117
5896	398
5894	398
5889	273
5889	273
5887	140
5887	62
5886	16
5886	88
5883	116
5880	172
5880	140
5880	435
5880	140
5880	435
5877	465
5864	32
5863	328
5862	170
5861	312
5860	55
5854	49
5851	76
5848	148
5848	148
5841	29
5834	255
5833	260
5832	673
5831	94
5828	186
5828	94
5827	219
5814	163
5812	163
5810	169
5807	67
5806	149
5795	162
5794	205
5789	85
5789	115
5789	69
5787	512
5783	73
5779	120
5778	255
5769	49
5766	114
5765	110
5765	110
5764	226
5763	94
5763	436
5763	436
5755	168
5755	168
5753	144
5750	40
5750	245
5748	122
5744	21
5738	108
5737	160
5735	133
5734	184
5734	133
5733	184
5732	124
5731	130
5731	219
5731	219
5723	44
5722	260
5722	260
5716	151
5716	49
5713	217
5693	129
5692	63
5692	73
5688	47
5687	78
5684	97
5680	96
5679	79
5671	82
5669	60
5669	78
5662	136
5662	136
5661	106
5658	92
5657	52
5649	118
5649	97
5645	70
5642	141
5638	40
5637	94
5633	34
5633	83
5626	60
5611	45
5611	91
5610	98
5609	95
5608	95
5608	139
5608	139
5605	139
5603	50
5602	93
5600	130
5596	55
5592	262
5590	164
5589	253
5589	50
5586	272
5585	84
5581	43
5580	33
5576	33
5572	150
5566	85
5565	69
5549	140
5548	2349
5547	80
5543	393
5538	54
5524	108
5524	133
5524	240
5524	240
5522	171
5521	133
5520	59
5518	57
5517	133
5517	133
5511	98
5505	73
5504	216
5503	137
5501	19
5499	445
5497	133
5497	114
5495	18
5493	102
5487	93
5483	73
5474	94
5474	172
5467	159
5467	144
5464	29
5464	81
5459	78
5459	114
5457	257
5453	134
5453	51
5452	32
5447	134
5444	21
5443	87
5440	21
5439	61
5439	1119
5436	40
5430	58
5429	244
5429	244
5428	65
5427	90
5427	174
5427	90
5427	174
5423	25
5422	325
5421	765
5415	138
5414	382
5413	108
5406	25
5404	156
5397	54
5391	56
5390	132
5390	132
5387	35
5385	28
5385	49
5378	425
5367	127
5361	117
5354	94
5354	94
5346	95
5346	309
5346	309
5337	68
5337	29
5333	96
5333	104
5333	96
5333	104
5332	43
5331	39
5325	90
5325	90
5321	105
5319	62
5315	84
5315	38
5313	62
5313	53
5310	98
5307	303
5301	303
5300	97
5299	266
5297	50
5294	238
5291	284
5291	284
5290	55
5287	60
5284	82
5275	456
5275	456
5274	37
5270	72
5270	109
5269	134
5269	461
5258	36
5258	50
5256	55
5249	220
5249	220
5243	220
5236	95
5236	220
5235	68
5226	166
5226	166
5224	34
5223	39
5216	107
5214	292
5203	208
5203	208
5198	160
5192	334
5189	109
5185	109
5185	191
5185	191
5184	76
5182	82
5181	17
5180	546
5179	197
5177	104
5177	104
5176	546
5175	123
5173	38
5173	333
5168	64
5157	60
5150	78
5142	330
5136	73
5128	233
5128	233
5125	75
5124	108
5122	80
5122	80
5121	221
5121	58
5118	106
5113	68
5113	97
5113	240
5113	97
5113	240
5111	198
5110	179
5107	52
5106	138
5105	163
5093	284
5093	284
5092	34
5092	73
5091	255
5091	255
5088	30
5087	243
5076	73
5075	50
5073	388
5068	68
5066	80
5061	259
5061	259
5059	102
5059	102
5058	46
5058	52
5057	46
5048	87
5046	382
5041	198
5035	170
5033	92
5033	88
5033	88
5028	71
5018	94
5012	94
4995	156
4986	213
4978	78
4974	42
4968	94
4960	55
4959	144
4959	127
4959	127
4957	161
4949	289
4944	43
4943	157
4941	146
4941	129
4941	129
4938	260
4934	107
4926	63
4923	139
4923	211
4922	31
4921	197
4920	30
4918	26
4913	26
4912	373
4912	373
4910	45
4909	87
4905	57
4905	160
4905	160
4901	178
4901	178
4897	101
4896	46
4896	96
4896	96
4893	97
4890	46
4885	278
4885	278
4877	342
4877	342
4876	21
4875	405
4874	46
4869	405
4856	55
4855	292
4855	74
4855	55
4842	411
4842	116
4838	29
4837	82
4833	153
4814	120
4809	60
4803	47
4803	119
4796	85
4794	78
4793	82
4789	56
4789	139
4788	258
4788	258
4785	258
4782	35
4780	132
4777	88
4777	88
4776	129
4775	216
4772	286
4772	286
4770	107
4762	113
4758	132
4756	107
4754	119
4754	119
4752	309
4743	57
4740	85
4740	186
4738	107
4738	107
4735	210
4735	210
4732	230
4729	84
4723	126
4723	126
4719	148
4719	148
4715	151
4715	117
4711	24
4709	380
4709	380
4706	45
4705	31
4686	154
4672	67
4672	37
4667	293
4667	293
4665	25
4662	31
4656	135
4656	49
4651	31
4648	32
4643	44
4636	681
4632	88
4632	681
4629	79
4627	102
4627	102
4622	123
4622	123
4618	149
4614	148
4612	105
4610	59
4600	43
4597	103
4597	103
4593	165
4593	165
4592	494
4589	34
4587	313
4587	313
4586	382
4586	382
4585	89
4582	40
4581	137
4580	181
4580	181
4579	29
4578	50
4576	29
4571	66
4571	36
4568	29
4567	20
4567	83
4566	140
4565	61
4558	54
4550	75
4549	498
4549	498
4547	120
4545	101
4544	76
4543	230
4543	230
4542	120
4542	65
4542	63
4541	24
4537	82
4537	127
4537	82
4537	127
4536	50
4532	65
4531	172
4527	252
4527	527
4527	252
4527	527
4516	102
4515	124
4506	149
4506	149
4498	186
4497	236
4495	102
4491	166
4487	39
4484	47
4475	31
4473	18
4471	318
4471	318
4470	31
4467	79
4467	79
4466	283
4464	88
4464	88
4463	95
4463	95
4461	66
4460	66
4459	80
4459	184
4458	95
4457	223
4456	67
4456	184
4456	184
4445	21
4444	116
4440	74
4440	72
4425	123
4421	182
4418	490
4418	188
4418	188
4416	24
4414	19
4414	58
4400	69
4398	120
4395	84
4393	333
4387	188
4385	172
4381	41
4380	50
4378	120
4371	167
4371	167
4369	122
4368	89
4368	51
4365	48
4363	18
4363	130
4363	179
4363	179
4360	55
4356	110
4356	44
4354	129
4354	107
4354	55
4354	61
4353	108
4353	108
4352	30
4352	110
4352	110
4351	69
4351	136
4351	136
4343	20
4335	103
4335	103
4332	419
4332	419
4329	133
4329	133
4328	83
4325	76
4323	75
4321	51
4320	13
4318	142
4309	27
4296	124
4290	171
4285	171
4285	171
4284	74
4283	65
4279	31
4272	51
4268	224
4268	224
4267	133
4265	151
4265	151
4261	82
4260	145
4260	145
4255	85
4255	85
4250	83
4248	29
4247	40
4242	40
4238	72
4233	43
4232	46
4229	40
4223	129
4216	104
4216	104
4210	25
4207	81
4204	20
4199	115
4199	115
4191	126
4189	32
4182	113
4167	300
4160	50
4154	84
4154	84
4154	84
4153	14
4153	106
4149	54
4148	100
4148	100
4139	185
4136	313
4128	251
4122	165
4122	165
4121	40
4121	203
4119	49
4118	27
4112	155
4112	155
4111	63
4111	50
4111	172
4111	172
4110	63
4110	186
4107	46
4106	33
4105	163
4102	43
4099	152
4091	107
4089	64
4088	418
4087	71
4087	51
4084	139
4077	116
4075	69
4075	29
4071	91
4069	137
4068	34
4064	78
4063	53
4062	178
4056	133
4050	82
4049	42
4043	239
4039	45
4035	83
4035	83
4031	86
4031	86
4027	65
4024	25
4024	91
4023	104
4023	40
4020	110
4018	105
4018	105
4017	80
4013	55
4011	42
4008	97
4000	108
4000	576
4000	576
3995	32
3989	28
3986	124
3984	9
3973	143
3973	143
3972	90
3967	39
3962	19
3962	110
3961	69
3960	168
3959	214
3959	139
3959	139
3957	90
3954	362
3954	362
3953	95
3953	160
3953	160
3952	12
3951	67
3951	118
3951	118
3950	95
3949	95
3940	33
3938	103
3938	103
3933	98
3933	98
3929	88
3929	88
3928	79
3924	81
3921	96
3919	466
3917	83
3917	105
3912	61
3908	62
3905	32
3904	10
3900	335
3900	335
3897	67
3895	113
3895	113
3893	66
3891	98
3887	74
3887	31
3886	69
3882	14
3879	95
3879	95
3878	95
3875	16
3873	89
3872	413
3872	57
3861	92
3861	92
3858	211
3857	122
3852	183
3852	78
3852	78
3845	40
3844	39
3840	33
3833	79
3833	79
3829	132
3824	19
3818	136
3818	136
3815	70
3804	13
3792	91
3790	184
3786	41
3782	96
3782	96
3781	60
3780	64
3778	37
3777	100
3777	100
3775	65
3763	11
3763	25
3763	135
3763	135
3762	61
3758	44
3755	139
3755	139
3753	139
3749	115
3749	75
3748	21
3742	13
3742	121
3742	121
3736	126
3733	42
3726	86
3726	86
3716	34
3712	96
3711	22
3709	123
3707	45
3705	106
3704	100
3703	45
3703	45
3702	146
3702	146
3698	20
3697	20
3693	122
3693	58
3691	47
3689	37
3682	173
3680	45
3679	89
3679	89
3678	69
3675	101
3673	36
3666	36
3665	84
3664	57
3662	83
3662	83
3661	17
3659	68
3658	127
3657	68
3653	33
3651	265
3651	90
3650	147
3649	57
3643	81
3641	50
3639	42
3639	111
3639	111
3637	18
3630	96
3626	320
3624	70
3624	110
3622	145
3614	79
3610	79
3608	56
3608	109
3603	80
3599	43
3598	104
3596	76
3595	104
3592	115
3586	73
3584	73
3583	219
3583	219
3581	68
3573	34
3569	28
3560	179
3560	179
3555	51
3554	8
3550	33
3549	47
3544	66
3543	96
3541	117
3537	119
3533	50
3532	115
3531	37
3529	226
3529	226
3526	71
3525	200
3525	200
3523	80
3522	36
3521	46
3508	16
3507	51
3505	49
3505	22
3504	118
3504	129
3501	69
3495	575
3495	575
3494	64
3486	44
3485	406
3483	99
3481	224
3479	38
3478	109
3478	109
3475	211
3475	211
3470	19
3469	28
3468	15
3468	75
3468	150
3457	152
3457	152
3456	67
3456	107
3456	107
3453	14
3453	14
3451	70
3442	97
3442	97
3439	96
3436	83
3434	48
3433	33
3432	36
3430	168
3430	168
3427	16
3427	22
3425	16
3407	94
3407	94
3404	38
3404	93
3403	23
3400	180
3400	180
3399	23
3396	96
3396	96
3395	104
3390	12
3390	259
3390	259
3381	61
3380	94
3380	51
3378	51
3378	99
3378	99
3367	201
3367	201
3365	135
3365	23
3365	56
3360	116
3359	60
3351	14
3348	19
3345	66
3344	32
3339	36
3335	10
3319	93
3318	183
3315	46
3313	53
3310	28
3307	34
3299	63
3298	145
3298	145
3297	103
3296	2653
3295	62
3292	63
3289	55
3288	6
3285	46
3284	16
3284	16
3283	31
3279	51
3275	154
3275	154
3274	63
3268	46
3267	380
3267	181
3267	34
3267	25
3264	25
3263	54
3262	18
3255	36
3241	186
3234	99
3233	47
3231	122
3229	6
3228	59
3224	104
3220	35
3220	355
3220	355
3216	45
3214	50
3213	48
3199	159
3191	19
3182	7
3175	127
3175	127
3174	136
3173	22
3173	26
3171	57
3165	31
3162	17
3162	28
3160	22
3160	24
3157	42
3155	34
3153	22
3151	68
3150	254
3140	9
3139	194
3139	56
3138	9
3137	191
3135	71
3122	254
3118	161
3118	161
3117	46
3112	95
3112	95
3111	101
3108	41
3102	61
3101	23
3101	175
3101	175
3098	12
3095	8
3093	563
3092	15
3091	31
3090	134
3087	108
3084	93
3084	12
3084	37
3083	59
3082	40
3080	101
3074	16
3071	127
3071	127
3055	40
3054	18
3052	91
3051	97
3050	40
3050	42
3049	66
3041	25
3039	55
3039	119
3037	47
3035	41
3033	26
3031	27
3030	8
3029	47
3026	120
3022	70
3020	58
3017	75
3012	115
3012	115
3010	46
3007	65
3005	111
3004	45
3004	132
3004	132
2999	17
2997	16
2996	26
2994	44
2994	17
2993	56
2992	25
2988	239
2988	239
2983	104
2983	43
2982	28
2981	43
2980	243
2980	243
2979	124
2973	23
2973	11
2972	34
2971	113
2962	27
2960	150
2956	113
2955	215
2953	133
2952	78
2949	9
2944	24
2938	46
2937	169
2937	169
2936	104
2936	104
2933	104
2932	18
2931	62
2929	80
2929	80
2928	55
2928	55
2928	172
2928	172
2925	115
2925	115
2924	50
2921	36
2912	22
2908	34
2908	24
2907	40
2905	34
2900	132
2899	29
2899	154
2899	154
2898	16
2895	32
2894	42
2891	87
2890	158
2889	20
2887	55
2886	25
2885	25
2882	19
2880	17
2880	47
2879	111
2879	111
2878	114
2877	9
2876	20
2876	15
2875	47
2873	55
2873	25
2871	58
2871	15
2871	90
2871	90
2865	141
2859	20
2859	100
2859	100
2857	28
2855	24
2853	103
2853	103
2851	67
2850	46
2846	50
2845	24
2839	60
2838	63
2835	8
2833	60
2831	22
2830	80
2830	12
2829	109
2826	10
2823	27
2820	151
2820	15
2818	116
2818	116
2815	393
2815	393
2813	30
2811	49
2805	139
2802	28
2796	84
2796	84
2793	19
2791	9
2789	24
2788	161
2788	161
2780	245
2778	37
2776	32
2775	160
2775	160
2774	48
2770	50
2770	15
2769	68
2768	239
2766	13
2764	79
2760	239
2759	29
2758	29
2757	88
2754	28
2750	58
2749	407
2749	407
2746	16
2742	16
2733	28
2728	24
2728	65
2724	25
2718	27
2712	26
2710	85
2709	39
2707	34
2704	139
2704	139
2703	35
2703	15
2698	105
2698	105
2687	59
2685	59
2681	168
2681	168
2680	67
2677	60
2675	6
2672	200
2670	49
2666	74
2665	143
2661	18
2659	35
2659	47
2659	33
2658	125
2657	16
2656	95
2656	63
2654	14
2654	40
2654	368
2654	368
2650	90
2648	24
2647	39
2643	182
2642	21
2640	194
2638	107
2633	13
2631	35
2631	466
2631	466
2627	292
2626	34
2620	15
2618	19
2618	24
2615	10
2613	92
2613	92
2611	23
2607	9
2604	55
2602	21
2600	9
2599	32
2593	40
2592	18
2590	54
2587	19
2587	179
2587	179
2580	185
2580	32
2578	27
2576	47
2573	301
2573	301
2570	12
2568	12
2567	47
2558	34
2556	38
2556	31
2554	34
2549	24
2547	34
2546	2
2546	32
2543	30
2542	115
2542	115
2541	26
2541	58
2541	30
2535	23
2529	71
2525	49
2525	125
2525	125
2514	45
2513	35
2512	44
2510	107
2510	107
2504	182
2502	54
2502	40
2500	38
2497	46
2497	100
2497	100
2495	112
2484	16
2482	23
2475	113
2473	27
2470	111
2468	66
2467	111
2467	7
2464	26
2463	3
2460	28
2459	51
2452	9
2452	29
2450	95
2448	26
2441	232
2441	232
2435	57
2435	40
2435	2
2433	93
2429	110
2427	154
2427	95
2426	95
2424	56
2422	44
2421	35
2417	57
2417	87
2416	17
2411	19
2410	47
2410	108
2409	40
2405	65
2398	22
2397	42
2389	87
2382	38
2380	82
2380	82
2377	11
2377	69
2376	38
2376	35
2372	160
2371	50
2370	134
2370	56
2367	33
2366	12
2365	36
2364	150
2364	150
2362	11
2362	29
2358	40
2358	92
2358	92
2357	73
2355	82
2355	82
2354	18
2351	22
2351	37
2350	7
2349	4
2349	94
2348	7
2345	61
2342	28
2340	20
2339	40
2338	47
2337	97
2336	97
2329	5
2323	34
2322	23
2321	43
2319	80
2318	85
2317	33
2317	215
2316	8
2314	21
2314	100
2313	37
2309	316
2305	12
2303	11
2300	86
2294	6
2293	24
2288	3497
2285	134
2285	71
2284	89
2282	21
2279	11
2278	59
2277	48
2276	29
2270	4
2267	42
2267	28
2262	29
2259	42
2258	50
2257	83
2257	83
2247	16
2246	16
2245	17
2244	41
2243	55
2242	55
2242	128
2242	128
2241	36
2241	52
2237	157
2237	157
2234	4
2233	88
2231	16
2230	14
2228	161
2228	161
2227	31
2227	196
2227	75
2224	94
2224	94
2223	21
2222	79
2220	107
2218	12
2214	35
2209	106
2207	18
2206	12
2203	43
2191	39
2189	21
2184	5
2183	66
2182	55
2181	24
2180	36
2180	102
2180	102
2179	23
2178	45
2175	54
2175	364
2175	364
2174	85
2172	52
2171	35
2171	10
2170	4
2169	99
2167	59
2165	469
2159	24
2151	28
2151	25
2151	16
2144	73
2143	41
2141	45
2140	101
2135	31
2128	85
2128	85
2127	56
2127	163
2122	62
2119	23
2117	28
2109	5
2108	119
2105	24
2104	43
2103	44
2100	72
2100	29
2100	111
2100	111
2099	34
2095	170
2093	40
2093	37
2090	15
2090	44
2089	26
2089	15
2086	65
2084	55
2081	42
2078	26
2078	27
2074	60
2067	32
2067	11
2064	122
2064	172
2055	55
2054	37
2050	89
2049	25
2047	17
2043	58
2043	13
2038	157
2037	25
2037	182
2034	19
2027	20
2027	107
2027	107
2023	61
2018	15
2010	14
2002	22
1999	18
1998	31
1998	427
1998	427
1994	25
1992	15
1991	27
1991	11
1990	15
1984	319
1984	319
1982	162
1978	26
1975	42
1973	29
1971	102
1966	83
1966	83
1965	35
1965	4
1964	7
1964	31
1962	34
1960	47
1957	37
1956	343
1953	54
1953	54
1951	51
1950	21
1949	34
1948	49
1948	18
1947	25
1947	10
1944	42
1942	1
1941	42
1940	30
1940	27
1939	13
1936	9
1930	47
1929	29
1915	31
1914	21
1914	10
1910	36
1908	10
1905	48
1905	32
1903	16
1903	10
1895	8
1895	208
1895	208
1890	37
1890	55
1888	21
1883	19
1881	38
1880	14
1876	61
1872	55
1871	60
1871	31
1868	12
1868	24
1866	32
1859	127
1858	35
1857	8
1856	23
1851	7
1844	7
1843	12
1838	40
1834	41
1833	12
1832	6
1832	83
1832	83
1831	17
1830	37
1827	25
1826	26
1825	20
1824	5
1824	52
1822	382
1818	13
1817	85
1815	5
1812	44
1811	103
1811	42
1810	56
1810	40
1806	38
1806	57
1806	20
1805	34
1801	19
1801	82
1801	82
1799	82
1799	82
1798	30
1798	36
1797	70
1796	42
1796	11
1791	27
1789	31
1785	15
1785	44
1785	104
1785	104
1784	74
1781	33
1779	40
1775	3
1770	29
1769	163
1767	42
1767	25
1766	19
1764	8
1762	62
1761	62
1758	11
1752	23
1750	33
1750	71
1743	10
1743	14
1743	312
1743	312
1742	15
1741	26
1739	26
1738	18
1736	31
1733	26
1732	50
1731	82
1729	3
1729	33
1723	9
1722	35
1720	12
1720	12
1718	27
1718	17
1713	9
1713	14
1712	39
1712	14
1711	42
1710	40
1710	74
1709	5
1709	91
1709	91
1707	52
1705	13
1704	24
1703	25
1703	235
1701	15
1701	25
1700	136
1697	134
1697	134
1689	53
1680	30
1680	158
1680	158
1677	23
1677	18
1677	14
1673	14
1672	19
1672	17
1670	25
1668	52
1666	16
1663	24
1662	25
1660	12
1659	21
1658	37
1658	11
1655	21
1653	37
1651	20
1650	50
1649	13
1649	89
1649	89
1647	13
1647	22
1645	18
1645	7
1643	29
1642	6
1641	15
1639	24
1638	9
1638	16
1637	30
1637	27
1637	51
1636	15
1634	60
1633	18
1633	16
1628	3
1626	17
1626	31
1625	61
1624	59
1624	21
1623	15
1621	144
1612	3
1612	24
1610	12
1609	7
1608	42
1606	3
1606	29
1605	34
1599	1
1599	8
1599	13
1597	22
1595	13
1593	24
1592	15
1591	10
1586	23
1585	14
1584	36
1581	62
1578	13
1578	6
1577	33
1574	72
1570	25
1570	4
1568	34
1566	681
1566	131
1566	681
1566	131
1564	65
1563	85
1563	85
1562	25
1562	28
1560	25
1558	5
1556	137
1556	31
1555	31
1555	17
1554	23
1551	8
1548	30
1547	30
1546	5
1544	7
1544	8
1543	13
1543	45
1542	3
1542	5
1535	15
1532	26
1531	37
1531	12
1531	42
1528	148
1528	5
1527	27
1523	59
1519	9
1516	33
1515	25
1513	16
1513	37
1512	14
1509	6
1507	17
1506	64
1505	43
1498	11
1498	13
1498	46
1497	46
1495	3
1494	9
1492	44
1490	37
1490	11
1489	442
1488	18
1486	91
1486	91
1484	21
1484	99
1483	11
1482	15
1481	5
1481	10
1480	5
1476	26
1475	35
1475	26
1474	25
1468	13
1467	9
1466	24
1463	26
1462	47
1461	28
1460	17
1458	77
1458	28
1450	11
1448	50
1444	11
1443	14
1443	28
1441	131
1441	24
1439	14
1436	10
1435	31
1435	181
1435	181
1434	93
1429	35
1418	20
1418	11
1417	39
1413	10
1409	160
1408	87
1408	87
1405	6
1404	27
1402	40
1402	27
1401	28
1401	23
1399	9
1399	5
1395	51
1395	59
1394	36
1394	23
1394	23
1392	17
1391	1
1390	7
1390	17
1390	32
1387	12
1382	19
1381	14
1378	52
1375	9
1375	22
1374	10
1368	43
1366	12
1365	27
1363	24
1362	32
1360	6
1360	30
1359	150
1359	150
1358	23
1356	22
1356	59
1355	13
1354	22
1353	131
1351	12
1348	19
1347	15
1345	30
1343	15
1343	54
1343	43
1342	16
1341	24
1340	34
1338	22
1336	50
1332	24
1330	43
1330	43
1327	12
1327	29
1324	29
1323	52
1323	31
1321	14
1320	11
1318	10
1316	8
1315	11
1312	15
1312	6
1311	20
1309	32
1306	8
1303	18
1302	8
1301	27
1296	8
1296	11
1294	10
1292	9
1292	97
1291	17
1291	9
1289	19
1288	34
1287	61
1285	51
1284	24
1284	18
1282	17
1280	15
1279	18
1279	5
1279	27
1274	30
1273	8
1269	31
1269	14
1268	37
1268	14
1267	5
1263	38
1263	89
1263	89
1262	46
1261	33
1261	9
1261	19
1258	23
1255	21
1254	13
1254	11
1254	109
1254	109
1252	9
1251	6
1251	22
1249	10
1249	14
1247	49
1246	11
1246	19
1245	20
1244	11
1241	13
1241	19
1239	95
1239	7
1239	12
1238	3
1235	9
1235	81
1235	81
1234	181
1234	181
1232	48
1231	55
1231	6
1230	34
1230	31
1230	35
1228	10
1227	23
1224	42
1223	14
1222	43
1221	31
1220	18
1219	40
1216	40
1212	3
1210	7
1207	7
1207	40
1206	22
1206	63
1205	50
1201	9
1200	13
1196	19
1194	6
1191	10
1189	11
1184	6
1184	4
1183	52
1182	58
1181	38
1178	13
1177	49
1177	42
1177	11
1176	36
1176	7
1175	27
1175	21
1174	22
1173	17
1171	1
1170	15
1170	5
1169	2
1167	10
1165	5
1164	13
1162	13
1161	17
1161	9
1160	8
1158	57
1158	23
1157	38
1157	14
1153	31
1152	9
1151	31
1146	13
1146	29
1143	59
1143	75
1143	11
1142	22
1141	10
1138	218
1138	218
1135	18
1135	35
1133	40
1132	14
1131	6
1129	17
1125	158
1120	27
1120	9
1118	9
1118	92
1114	12
1114	8
1114	20
1112	2
1112	34
1111	31
1111	22
1110	5
1109	62
1109	4
1107	18
1107	24
1107	21
1106	10
1106	40
1103	33
1103	24
1102	42
1101	11
1101	7
1101	30
1100	7
1099	6
1099	84
1098	3
1097	28
1097	4
1096	28
1096	12
1096	18
1095	16
1095	28
1094	17
1090	18
1090	25
1089	10
1088	26
1088	29
1085	24
1085	20
1084	57
1083	14
1083	3
1083	23
1081	3
1081	10
1076	24
1074	7
1074	7
1074	141
1071	38
1071	10
1070	11
1068	15
1068	11
1065	24
1062	4
1060	16
1059	8
1057	13
1056	13
1054	16
1052	55
1048	33
1048	3
1048	17
1046	13
1046	13
1046	17
1046	17
1045	21
1040	6
1038	29
1036	82
1035	19
1033	22
1032	20
1032	11
1031	23
1029	4
1027	8
1026	6
1024	3
1023	13
1018	7
1017	10
1014	7
1014	5
1013	20
1013	5
1013	10
1012	10
1010	6
1009	3
1009	16
1009	22
1006	13
1005	4
1003	27
1003	23
1000	21
997	17
996	12
995	14
994	20
994	11
993	1
992	28
992	16
990	19
990	32
986	32
985	161
984	65
982	56
981	22
981	13
977	10
976	5
976	9
975	26
974	20
974	13
974	67
973	76
973	35
972	24
971	25
970	15
970	7
968	12
968	42
967	95
967	95
966	23
963	37
961	3
960	21
959	42
958	13
958	15
956	31
955	37
954	11
954	26
952	38
952	16
952	16
952	26
951	23
951	1
951	4
950	32
950	4
949	11
948	16
946	29
946	9
946	1
943	13
942	11
941	12
941	20
940	16
940	24
939	9
933	16
932	76
932	11
931	14
930	9
930	10
929	7
928	4
927	8
924	13
922	10
921	11
920	9
919	17
918	7
916	20
916	11
916	19
915	17
914	1
913	14
912	6
911	18
910	166
910	166
906	6
906	43
905	10
904	9
903	1
902	15
902	21
901	44
901	22
900	8
900	24
898	15
898	24
898	18
898	16
897	6
897	4
896	10
895	24
895	3
894	22
891	21
890	4
889	28
889	22
889	3
888	14
887	10
886	140
886	7
885	7
884	25
883	2
883	18
883	119
883	119
882	25
881	26
880	25
880	24
879	52
878	1
876	6
875	68
874	17
874	31
874	32
873	7
871	18
871	17
871	17
870	10
869	4
869	56
868	4
867	7
866	5
865	37
863	8
862	6
861	15
861	8
860	132
860	132
859	21
859	7
858	41
858	41
857	39
857	19
856	3
856	13
855	4
854	4
853	5
851	9
850	31
850	7
850	19
848	5
848	2
847	29
846	7
844	13
843	6
842	7
842	35
841	18
839	2
836	18
833	8
832	23
832	11
828	13
828	16
826	3
824	6
824	8
823	15
820	13
819	22
818	71
817	3
817	1
816	71
815	4
814	6
814	1
813	34
812	27
812	9
812	2
811	13
810	12
809	16
808	7
808	35
807	10
805	21
804	7
803	48
802	179
801	12
801	2
800	8
800	21
800	30
800	11
799	6
799	4
798	18
797	13
796	7
795	13
793	29
793	48
792	7
792	58
792	6
792	6
791	6
789	15
786	4
785	58
784	108
784	108
781	41
779	27
779	53
778	2
777	39
775	12
775	5
775	7
775	6
775	16
773	10
773	12
772	8
772	2
771	7
770	19
770	30
769	17
767	2
766	5
765	37
765	16
764	5
764	15
763	14
761	12
760	38
757	7
757	6
756	100
756	8
755	15
755	19
754	11
754	20
753	7
753	19
751	11
751	15
750	27
750	28
749	11
748	3
747	9
746	26
743	21
743	13
739	22
739	15
739	11
738	3
738	19
737	4
737	16
737	20
737	3
736	94
736	9
735	38
734	35
733	34
733	11
730	4
728	51
727	10
726	6
726	25
726	13
724	5
724	12
723	10
723	21
723	84
723	84
721	6
721	51
720	6
720	65
720	12
719	14
719	5
718	16
718	8
718	8
716	15
716	8
715	8
714	42
713	15
713	15
712	36
712	7
712	79
711	9
710	16
710	7
710	9
709	10
708	5
708	136
707	9
705	48
705	12
703	6
702	16
700	8
699	3
699	38
699	38
699	21
699	25
698	47
696	2
696	18
693	8
693	305
693	305
691	20
690	6
689	20
688	27
688	11
688	49
687	31
686	2
685	11
685	20
684	22
684	12
683	12
683	30
683	20
682	43
682	24
682	26
681	7
680	13
677	24
677	1
676	7
676	30
675	9
674	13
674	90
672	9
672	15
672	26
672	9
672	10
671	16
671	3
670	1
670	1
670	24
670	24
669	4
669	4
669	17
669	24
669	3
668	31
668	11
668	28
667	10
666	4
666	60
665	31
664	3
664	28
663	5
663	49
662	12
660	3
659	9
659	13
658	1
656	28
656	42
656	13
655	3
655	18
655	15
655	11
655	102
655	102
654	40
654	22
653	102
653	17
653	3
651	4
651	23
651	19
650	5
650	34
649	7
649	38
648	25
647	18
647	23
647	87
647	87
646	7
646	23
645	11
644	63
644	2
642	4
642	21
640	21
640	13
638	19
637	8
637	2
637	15
637	21
637	12
636	11
636	15
634	8
633	11
630	10
630	15
629	39
629	17
629	4
629	14
629	3
624	26
624	50
624	4
624	5
624	32
624	40
624	18
623	1
622	6
622	12
622	11
621	10
621	43
620	41
620	12
617	12
617	5
616	14
616	7
616	5
615	4
615	14
615	3
614	9
614	15
613	6
612	3
611	1
611	12
610	3
610	14
610	10
610	8
609	11
607	17
606	7
605	19
604	7
604	22
604	5
601	47
601	8
601	19
599	11
597	2
596	1
596	18
596	40
596	8
595	36
594	38
593	3
593	19
592	25
591	3
590	18
589	8
588	8
588	16
587	10
585	19
585	15
585	3
585	10
584	9
584	14
584	10
583	5
582	25
581	72
581	27
580	13
580	6
580	7
579	8
579	17
579	122
579	122
577	24
576	2
576	53
575	53
574	6
573	13
573	23
572	26
572	5
571	13
571	4
570	10
570	6
569	13
568	3
568	3
567	5
567	4
566	23
566	8
566	9
566	9
564	31
564	18
564	21
564	11
564	27
563	14
563	1
562	4
562	11
561	11
557	2
556	5
555	1
555	4
555	19
554	14
554	10
553	22
553	25
550	26
550	34
550	6
549	35
549	9
548	8
548	9
547	6
547	10
546	20
544	8
544	7
544	13
543	17
543	3
541	8
541	20
538	3
538	3
537	5
537	9
536	2
535	10
534	2
533	1
533	22
533	1
533	2
532	16
532	32
531	7
531	3
530	26
527	4
527	5
526	8
526	2
525	22
525	13
525	14
525	6
524	11
522	2
521	10
521	14
520	14
520	7
519	2
516	3
516	8
516	6
515	7
515	15
515	5
515	2
515	15
514	26
514	5
514	23
513	7
513	82
513	15
512	6
512	5
512	11
511	27
511	5
510	9
510	2
510	17
509	21
509	5
508	17
508	32
507	31
507	1
507	35
506	12
506	17
506	6
505	43
505	1
505	2
505	9
504	7
504	6
503	16
503	7
502	10
502	33
501	7
501	13
500	25
500	13
500	5
499	4
499	4
498	33
498	3
497	15
495	5
495	3
494	7
494	6
493	152
493	152
491	3
491	5
491	11
490	13
489	15
489	3
489	58
488	10
488	35
487	20
486	17
485	6
484	5
483	11
482	7
482	2
482	3
481	37
480	2
479	5
479	14
478	2
476	9
476	12
476	5
473	7
472	7
472	5
472	16
470	12
470	15
470	25
470	2
469	9
469	2
468	9
468	12
467	5
467	19
466	3
466	7
465	12
465	9
464	6
464	10
463	9
463	7
463	9
462	5
462	95
462	95
461	13
461	5
461	106
461	106
460	16
460	12
459	44
457	2
457	16
456	22
456	8
454	1
454	9
452	6
452	36
452	4
450	2
450	9
450	5
450	3
450	10
449	25
448	9
447	2
447	3
447	11
447	6
446	8
444	7
444	8
444	8
443	15
443	8
443	4
442	2
442	2
440	4
440	8
440	12
439	6
439	2
437	5
437	12
436	2
436	12
436	10
436	2
435	2
434	8
434	9
434	4
434	2
433	31
433	7
433	25
433	13
432	6
431	7
431	11
431	5
430	1
430	9
429	10
429	4
427	10
427	27
426	1
426	8
426	15
426	13
425	6
423	13
423	11
423	10
422	9
422	25
422	3
422	13
421	6
421	5
420	4
420	14
420	10
419	5
419	8
419	3
419	17
418	16
418	46
417	12
416	6
416	21
415	31
414	5
414	16
414	32
414	7
413	14
412	5
411	32
411	38
410	7
409	16
409	5
409	28
408	4
408	5
408	5
408	19
408	15
406	12
406	13
406	18
406	18
405	16
403	28
403	7
403	7
402	14
402	85
402	61
402	20
401	3
400	6
399	1
399	18
399	3
398	4
397	8
397	1
397	11
396	4
396	10
396	6
395	3
395	12
395	13
394	20
394	4
393	3
392	16
392	2
391	2
391	11
391	2
391	9
391	13
390	2
390	10
389	2
388	8
387	5
387	2
387	3
387	7
386	16
385	108
385	108
384	7
383	8
383	28
383	3
383	6
383	9
383	30
383	15
383	27
382	10
382	22
381	1
381	24
381	46
380	9
378	12
378	3
378	4
377	17
377	9
376	24
376	4
374	21
374	4
374	21
374	8
374	13
371	7
371	7
371	13
371	8
370	7
369	8
369	4
368	16
368	5
367	11
366	5
366	4
366	3
366	37
365	26
364	4
364	3
364	14
363	12
362	2
362	3
362	16
361	14
361	28
359	11
358	16
357	7
356	19
356	28
356	13
355	10
355	6
354	11
354	23
354	13
354	6
354	7
354	8
354	29
353	9
353	8
353	110
353	110
352	6
352	35
352	19
352	12
351	26
349	8
348	7
348	18
347	1
347	9
346	5
346	4
345	1
345	2
345	6
345	11
345	83
345	83
344	1
344	15
342	1
342	18
342	2
341	3
341	12
340	18
340	12
340	4
339	8
339	52
339	2
338	6
338	2
338	5
337	4
337	14
336	3
335	5
335	10
335	11
334	4
334	4
333	1
333	4
333	12
333	25
332	2
332	1
332	7
331	3
330	23
329	7
329	17
329	10
329	27
328	9
327	14
327	8
327	8
327	14
327	4
326	16
326	16
324	6
324	5
324	9
324	11
323	10
323	5
320	8
320	3
319	7
318	13
318	4
317	13
315	11
314	72
313	14
312	13
312	8
312	12
312	5
311	7
311	13
311	8
311	7
310	8
310	14
309	4
309	7
309	6
308	28
308	7
308	16
307	25
307	2
307	2
307	1
307	8
306	9
306	8
305	2
305	4
305	21
304	5
304	1
304	21
304	12
304	6
303	9
303	8
303	10
303	2
303	13
303	10
302	28
302	5
302	1
301	4
301	4
301	2
299	6
298	9
298	1
298	7
298	4
298	4
298	4
297	7
297	21
297	19
297	18
296	5
296	18
295	7
295	10
295	6
295	1
294	7
294	13
293	6
292	4
292	4
292	18
292	1
292	10
292	4
292	3
292	14
292	16
292	3
292	7
291	2
291	4
291	8
291	8
290	6
290	9
288	6
287	7
287	7
287	2
287	15
287	6
287	3
286	1
286	19
286	5
285	10
285	10
285	4
284	6
284	7
284	6
284	7
283	4
283	2
283	8
283	2
283	2
282	5
282	40
282	9
281	9
280	10
280	2
280	7
280	6
278	5
278	2
278	7
278	1
277	1
276	19
276	2
274	2
274	6
273	1
273	6
272	5
272	6
271	1
270	4
270	8
270	2
270	2
270	10
270	14
269	6
269	10
269	2
269	1
268	22
268	10
268	3
268	14
267	1
267	7
267	24
267	9
266	4
266	40
266	6
266	1
265	7
265	15
265	22
265	3
264	3
264	4
264	2
263	3
263	2
262	9
262	4
262	9
262	3
261	12
261	3
261	12
261	5
260	4
260	5
260	6
259	4
259	2
259	1
258	7
258	7
258	24
258	3
258	5
257	11
257	3
256	9
256	6
256	9
255	3
255	8
255	2
255	4
254	12
254	10
254	7
254	7
254	3
253	9
253	5
253	3
252	8
252	9
252	4
252	4
251	114
251	12
250	10
249	5
249	10
248	3
248	7
247	17
246	7
246	2
246	17
245	16
245	3
245	3
245	11
245	11
245	4
244	8
244	19
244	2
244	1
243	2
243	28
242	3
242	10
242	6
241	2
241	8
241	7
240	4
240	2
239	5
239	11
239	5
239	6
238	10
238	1
238	8
238	5
237	6
237	2
236	4
236	4
235	1
235	8
235	1
234	15
234	24
234	3
233	3
233	6
233	4
233	16
232	11
232	3
231	18
231	1
231	15
230	5
230	5
230	7
229	3
228	3
228	3
228	30
228	5
228	17
228	11
227	9
227	5
227	3
227	7
227	3
227	1
227	8
226	4
226	1
226	3
225	3
225	5
225	7
225	4
225	7
224	12
224	7
223	1
223	4
222	2
221	1
220	4
220	2
220	8
219	33
219	14
218	2
218	9
218	2
217	10
217	5
217	7
217	4
216	3
215	1
214	7
214	11
214	25
214	9
213	10
213	7
212	2
212	9
212	6
211	18
211	3
210	2
210	21
210	5
210	8
210	3
210	15
209	7
208	8
208	3
207	4
207	5
207	2
207	29
205	2
205	1
205	3
205	2
204	3
204	5
204	10
204	4
203	5
203	4
203	12
202	2
201	1
201	12
201	20
200	4
200	4
200	1
199	3
199	14
199	5
198	8
198	3
198	22
198	3
197	3
197	16
197	14
197	3
196	5
196	14
196	6
196	11
195	9
195	6
194	8
194	5
194	3
194	4
193	9
193	3
192	9
192	3
192	18
192	2
192	12
191	2
191	11
191	7
191	4
191	5
191	5
190	3
190	6
190	10
190	4
190	5
190	8
189	5
189	2
189	6
189	12
188	4
187	2
187	8
187	1
187	1
186	2
186	4
186	5
186	4
186	1
185	11
185	4
185	3
185	1
184	3
184	6
184	9
184	3
183	10
182	10
182	6
182	1
181	3
180	12
180	6
180	14
180	10
180	5
179	12
179	5
179	5
179	8
179	7
178	5
178	16
178	3
178	6
178	1
178	4
178	8
178	3
177	3
177	4
176	23
176	7
176	4
176	7
176	5
175	4
175	7
175	7
175	10
175	3
174	5
174	6
174	1
174	2
174	13
173	1
173	7
173	18
172	11
172	16
172	10
171	1
171	5
171	2
170	1
170	24
170	9
170	2
170	6
169	6
169	10
169	4
169	6
168	2
168	9
168	5
166	6
166	2
166	5
166	4
166	8
166	5
166	17
166	5
166	1
166	6
165	6
165	8
164	6
164	5
164	19
163	4
163	3
163	2
163	1
163	1
163	1
163	4
163	6
162	8
162	5
162	5
161	4
160	1
160	1
160	2
160	2
160	1
160	16
159	8
159	1
159	10
159	8
159	4
158	1
158	5
158	1
158	4
158	4
158	4
158	1
158	1
158	2
158	7
158	2
158	13
157	6
157	2
157	1
157	1
157	11
157	1
157	1
156	12
156	6
156	7
156	2
156	1
156	7
155	6
155	2
155	8
154	9
154	3
154	4
154	15
154	8
153	5
153	2
153	1
153	1
153	1
152	4
152	1
152	3
152	6
152	3
152	5
152	4
151	5
151	24
151	7
151	4
151	19
151	4
151	2
150	2
150	8
150	17
150	1
149	1
149	6
149	11
149	7
148	4
148	6
147	2
147	25
147	1
147	6
146	1
146	25
146	5
146	5
146	6
145	4
145	10
145	10
145	5
145	12
145	3
145	1
145	4
145	7
145	11
144	4
144	3
144	1
144	3
144	11
144	1
144	2
144	1
144	5
144	25
144	11
144	2
144	5
144	4
143	2
143	1
143	1
143	1
143	6
143	2
142	6
142	18
142	1
142	4
142	9
141	2
141	12
141	15
140	1
140	7
140	6
140	8
140	3
140	15
140	1
140	11
140	3
139	1
139	2
139	7
139	4
139	7
139	4
139	1
139	2
139	5
139	2
138	9
138	2
138	1
138	10
138	6
138	1
137	1
137	3
137	6
136	8
136	5
135	4
135	2
135	6
135	3
135	15
135	2
135	4
135	7
134	2
134	4
134	3
134	1
134	18
133	33
133	10
133	8
133	8
132	2
132	5
132	1
131	6
131	2
131	3
131	1
131	6
131	2
131	1
131	3
130	9
130	1
130	2
130	7
130	1
130	3
129	2
129	5
129	7
128	6
128	2
128	4
128	1
127	3
127	2
127	7
127	1
127	6
127	2
127	2
127	7
127	7
127	4
127	4
127	1
127	4
126	14
126	6
126	4
126	6
126	3
126	14
126	4
125	1
125	3
125	4
125	4
125	7
125	2
125	3
124	8
124	11
124	13
124	1
124	1
124	1
124	2
124	3
124	3
123	5
123	4
123	7
123	4
123	3
123	2
123	1
123	3
122	2
122	3
122	5
122	3
121	9
121	2
121	9
121	5
121	14
121	14
121	4
121	2
121	15
120	2
120	8
120	4
120	7
119	5
119	3
119	2
119	4
119	1
119	2
119	3
118	3
118	2
118	6
118	13
117	3
117	4
117	3
117	2
117	12
117	3
117	1
116	3
116	3
116	7
116	4
116	2
116	2
116	3
115	6
115	3
115	14
115	7
115	1
115	4
115	9
114	5
114	1
114	6
114	15
113	4
113	12
113	2
113	6
113	16
112	4
112	3
112	2
112	11
111	4
111	4
111	9
111	8
111	3
110	5
110	4
110	5
110	14
110	6
110	4
110	4
110	15
110	1
110	4
110	1
110	10
110	6
109	2
109	22
109	3
109	3
109	5
108	3
108	1
108	15
108	4
108	1
108	3
108	29
107	2
107	16
107	10
107	1
106	12
106	8
106	15
106	10
106	6
105	1
105	2
105	5
105	1
105	30
105	3
105	1
105	4
104	2
104	1
104	2
104	6
104	2
104	7
104	4
104	11
103	2
103	6
103	7
103	3
103	3
103	2
103	2
102	4
102	1
102	9
102	1
102	2
102	11
102	4
102	7
102	3
101	1
101	4
101	3
101	5
100	1
100	6
100	1
99	3
99	8
99	6
99	2
99	1
99	4
99	4
98	10
98	4
98	1
98	1
98	1
98	4
98	1
98	7
97	1
97	11
97	1
97	2
96	1
96	2
96	15
96	5
96	8
96	2
96	15
96	5
96	8
96	3
96	9
96	3
96	1
96	12
96	4
95	6
95	2
95	10
95	9
95	2
95	4
95	1
94	4
94	3
93	6
93	3
93	2
93	7
93	6
93	3
92	2
92	3
92	4
92	2
92	3
92	6
92	2
92	3
91	2
91	4
91	7
91	12
91	11
90	8
90	6
90	4
90	8
90	3
90	2
90	2
90	5
90	2
89	2
89	5
89	4
88	3
88	6
88	2
88	1
88	5
88	1
88	5
88	1
87	1
87	1
87	3
87	18
87	11
87	6
87	2
87	10
87	3
87	2
87	2
87	5
87	1
87	1
87	3
86	5
86	1
86	7
86	3
86	2
86	3
86	3
85	1
85	1
85	4
85	11
85	4
85	4
85	1
85	6
85	5
84	4
84	7
84	2
84	2
84	4
84	9
84	3
84	10
84	3
84	3
83	10
83	7
83	4
83	3
83	2
83	3
83	4
82	3
82	1
82	3
81	7
81	1
81	9
81	9
81	3
80	4
80	2
80	4
80	4
80	5
80	5
80	2
80	1
80	2
79	4
79	2
79	5
79	1
79	1
78	3
78	21
78	7
78	7
78	9
78	10
78	9
78	2
78	1
78	3
78	22
78	4
77	3
77	4
77	2
77	2
77	2
76	4
76	3
76	1
76	4
76	1
76	11
76	6
76	7
76	4
76	2
76	9
75	6
75	24
75	1
75	12
75	1
75	11
74	5
74	1
74	5
74	1
74	10
74	2
74	1
74	2
74	2
74	3
73	4
73	1
73	3
73	12
73	1
73	6
73	16
73	3
73	3
73	20
73	9
73	5
72	1
72	2
72	5
72	1
72	6
72	6
71	2
71	4
71	3
71	4
71	4
70	2
70	1
70	19
70	3
70	6
70	19
70	1
70	2
69	14
69	11
69	1
69	2
69	1
69	1
69	8
69	1
69	2
69	2
68	7
68	5
68	9
68	2
68	2
68	1
68	1
68	5
68	9
68	1
68	4
68	3
68	5
68	9
67	2
67	6
67	1
67	6
67	5
67	4
67	5
67	1
67	4
66	10
66	3
66	3
66	1
66	1
66	2
66	7
66	1
66	7
66	3
65	2
65	5
65	8
65	3
65	3
64	1
64	14
64	8
64	1
64	3
64	3
64	5
63	17
63	4
63	8
63	3
63	4
62	6
62	8
62	1
62	1
62	5
61	1
61	5
61	3
61	2
61	8
61	1
60	5
60	3
60	3
60	2
60	1
60	1
60	3
60	3
60	1
60	4
60	10
60	1
59	4
59	15
59	27
59	4
59	4
59	4
59	1
59	10
58	4
58	2
58	12
58	3
58	1
58	4
57	1
57	2
57	1
57	3
57	41
57	1
57	1
57	10
57	1
56	3
56	7
56	1
56	1
56	4
56	3
56	4
55	2
55	2
55	2
55	1
55	5
55	1
55	1
55	2
55	3
55	12
55	2
54	6
54	3
54	1
54	3
54	3
54	4
54	6
54	4
54	2
54	3
54	6
54	8
54	6
54	9
54	2
53	1
53	1
53	4
53	1
53	9
53	1
53	1
53	1
52	3
52	1
52	4
52	3
52	7
52	3
52	8
52	9
52	2
52	1
52	5
52	3
52	4
52	3
52	5
51	2
51	3
51	2
51	3
51	2
50	6
50	7
50	1
50	3
50	2
50	5
50	1
50	1
50	2
50	9
50	2
50	2
50	3
50	1
50	3
49	18
49	1
49	9
49	5
49	6
49	3
49	1
49	1
49	2
48	1
48	2
48	2
48	2
48	3
48	6
48	3
47	3
47	2
47	3
47	6
47	2
47	4
47	2
47	1
47	3
47	14
46	2
46	3
46	5
46	2
46	14
46	3
46	2
46	2
46	1
45	7
45	1
45	3
45	3
45	7
45	1
45	6
45	2
44	2
44	5
44	1
44	2
44	2
44	4
44	8
44	21
44	2
44	2
44	3
44	10
44	1
44	6
43	2
43	11
43	1
42	2
42	1
42	11
42	2
42	8
42	4
41	3
41	3
41	3
41	1
40	9
40	4
40	2
39	3
39	6
39	9
38	2
38	1
38	3
37	2
37	1
36	2
36	2
36	1
35	7
35	1
35	1
34	2
34	1
34	7
34	8
34	7
34	2
33	1
33	1
33	1
33	5
33	8
33	2
32	3
32	12
32	1
32	2
31	7
31	2
31	1
31	2
31	1
31	3
31	1
31	12
31	5
31	9
31	3
31	1
30	2
30	4
30	2
30	6
30	1
30	1
30	1
30	2
29	1
29	1
29	1
29	1
29	3
29	5
29	5
29	2
29	3
29	1
29	1
28	4
28	3
28	3
28	3
28	5
28	6
28	2
28	3
28	3
28	3
27	8
27	1
27	5
27	12
27	6
27	4
26	1
26	2
26	3
26	8
26	2
26	1
26	1
26	1
26	3
26	12
25	1
25	3
25	17
25	6
25	26
25	1
25	6
24	4
24	2
24	5
24	2
24	11
24	7
24	12
24	2
24	1
24	5
24	1
23	2
23	5
23	8
23	1
23	3
23	5
23	2
23	3
22	3
22	2
22	2
22	1
22	1
22	3
22	1
21	3
21	2
21	4
21	1
21	1
21	1
21	3
21	1
21	1
20	3
20	2
20	19
20	11
20	2
20	2
19	10
19	4
19	2
19	1
19	3
19	8
19	11
19	4
19	3
19	6
19	2
19	1
19	1
19	2
18	2
18	1
18	2
18	1
18	7
18	4
18	4
18	1
18	7
17	1
17	1
17	1
17	1
17	1
17	12
17	1
17	4
17	1
17	2
17	4
17	4
17	11
17	2
16	1
16	3
16	4
16	2
16	12
16	3
16	1
16	1
16	1
16	3
15	16
15	1
15	2
15	1
15	1
15	1
15	6
15	2
15	3
15	3
15	1
15	1
14	4
14	2
14	2
14	5
14	5
14	8
14	3
14	1
14	10
14	3
14	6
14	5
14	2
14	4
13	1
13	2
13	1
13	4
13	3
13	2
13	2
13	1
13	1
13	2
13	8
13	1
12	4
12	6
12	1
12	2
12	2
12	3
12	1
12	1
12	7
12	3
12	7
12	2
11	1
11	7
11	2
11	5
11	1
11	3
11	1
11	1
11	1
11	5
11	2
11	4
11	2
10	5
10	3
10	6
10	2
10	1
10	1
10	1
10	1
9	1
9	1
9	1
9	2
9	2
9	4
9	11
9	1
9	2
9	3
9	1
9	2
9	1
8	1
8	2
8	1
8	3
8	1
8	14
8	1
8	5
8	1
8	1
8	1
7	1
7	2
7	1
7	8
7	1
7	1
7	2
7	2
7	1
6	1
6	2
6	2
6	2
6	8
6	1
6	1
6	1
6	3
6	2
6	1
5	3
5	4
5	1
5	6
5	1
5	1
4	1
4	1
4	1
4	2
3	4
3	2
3	1
2	3
2	1
2	3
2	34
1	4
1	1
0	1
